21322826
21345679
21322626
21302019
21362175
21322825
21307032
21394166
21361696
21345680
21309892
21300091
21309896
21300110
21300095
21313888
21361728
17990718
21301598
21322631
21300120
21313901
21300093
20526376
21300126
21301328
21307269
21195779
21366725
21300131
21300092
21304394
21192986
21124058
21300115
21300111
21313892
21315235
21304400
21309891
21300137
21300125
21300142
21322613
21309897
21072949
21195778
21322641
21270243
21309890
21361699
21300121
21158645
21302003
21173867
21158642
21133126
21300118
21300098
21322622
21309895
21198364
21300096
20728940
21198365
21300127
21361715
21304331
21166906
21198360
21300089
21361694
19471460
21300122
21184477
21164952
20295641
21212735
21309893
21306327
21261909
21347983
21307268
21301995
21304312
21352934
21300090
21322610
20934624
21300140
21302011
21286766
21053004
21304389
21275532
21395353
18590672
21345681
21352923
21148191
21211052
21075798
21286754
21198363
21138654
21136780
21300123
21164250
21158641
21158677
21302005
19819229
21166907
21317328
21148177
21361716
21302007
21362679
21198410
21304404
21322618
21083028
21313893
17394052
21352924
21136786
21374720
21307267
21300117
21195784
21300132
21313895
21300055
21362675
21102414
21286844
21300136
21322629
21286760
21300114
21136784
21300084
21117642
21082816
17394316
21322621
21307270
21164954
21173868
21300113
20320269
20945303
21135870
21352920
21300116
20776624
21364251
21124060
20750376
21174331
21304306
17838819
20626908
21300141
21356440
21102407
21173865
21120928
21198361
18136810
19022827
21361719
19544056
21095803
21302018
21352942
21083026
20820080
19942743
20284480
21300138
21316350
21395351
19712994
21304360
21211028
21300130
21300087
21347985
19115767
21172340
21300099
21123601
21286734
21173870
21198366
20914269
20907650
21120925
21304410
21300133
21286758
18589049
21300112
21255063
21353199
21198359
21304412
21300097
21300086
18142696
21183992
15931120
21286732
21172371
21317330
21124056
19721109
21300135
21009402
18357724
21270242
19965325
21322844
18708792
20825069
17194202
21352929
20211568
21319655
21270458
21164953
17179994
21286826
21006644
21322646
17748521
19530127
21300100
21286744
21082817
21300119
21169575
21102413
21192987
21195780
17379074
21286728
21362670
20887830
21211077
21254622
21184550
18091323
18051183
21270380
20157422
21294687
21322632
20280002
21255055
18439197
21304388
21364249
17963992
21184481
21304406
21176845
21092112
21135871
19668577
19724809
21286737
21138670
21044960
21176906
17203960
21101773
17328319
20887833
21324728
20751347
21044509
21198358
19078031
18543677
21302010
21148192
21113854
21044485
21294334
18392864
20299288
21120924
21270236
17373903
21001627
21305468
21363491
21172394
21173866
17624769
20858964
21286869
21088415
19023453
21304397
21136790
17824429
18142695
21117844
18438874
21300085
21308073
21158643
15384091
19652846
17859698
21095596
21307030
21198362
19679536
21304393
18797824
20481679
21211017
20919922
21074979
21184566
20789475
21374722
17395186
21300094
21327281
19686987
20083100
20905462
21286722
21172544
21361713
21347982
21356437
21098679
21182202
17834322
21205401
21082711
21255066
21044955
21306407
20499886
21088411
21356442
21164186
21176455
21075995
21255052
21136782
21210387
21249461
17389023
21377948
21008752
21211072
21322624
21136789
20922095
21052875
21327280
21353200
21182201
21205437
21352980
20535737
21102405
21211060
21173864
21273057
21096190
21251209
21300129
20907959
21124057
12027816
17851550
17217652
21044940
20320543
21008760
21008705
20934651
21138007
21316845
21138187
21172555
17959453
17394425
20999799
21195783
21200411
21138889
21086320
21102411
21190060
21079806
20610219
21102412
18043712
21095057
21159227
21300134
21074990
21300128
21304399
21306413
19688003
21048501
21136785
21158644
21394271
21273426
21318820
21076000
21172386
21352925
21394167
20870048
21306398
20973305
21327285
18717208
20612064
21287059
21306345
21322636
21090580
21324733
21164267
21044954
21182897
17662805
21300139
21361727
20968958
21270449
18101316
20847568
21158646
21048470
20253441
21249460
20922093
20973362
21249462
21322623
21102410
21304396
18039559
20924013
21303659
21211014
21356439
21205372
21301448
17410518
21172547
21268429
21281401
21327283
17637096
21205438
21304349
21361277
21320401
18205716
21284468
21148494
21184438
21361275
21096588
21286725
19656743
20875880
20969282
20476274
20998129
21075997
21260958
17181576
17495148
20732011
21294333
21322656
18083855
21133173
21068841
21322614
21324721
21404032
17985107
20887838
21276378
21294331
21299393
21363492
20911560
21352954
17686064
19535624
21136788
20856447
21286925
21319029
17332247
21068839
21205428
21394270
19072636
19712992
21284467
21395347
17126801
17838518
20617220
21322657
17236782
21164213
21307031
21352959
17468214
20974054
21068842
21088143
20875883
21163991
20973331
21089876
21138611
21286738
21205446
19074072
20731147
21044937
21180013
21205351
21322639
20528211
21120926
17754473
20940120
21102899
14986239
20829826
20887832
21048461
21106035
17393725
21148189
21184558
21195787
20732264
20875884
21179229
21172543
21319656
21095795
21286767
21083023
21135495
21211102
21252948
20480676
20998156
21133171
17549663
18267117
21123825
21136783
20796167
21117769
21270277
21357351
17393829
21137682
21173175
21317310
17811195
20811394
20922087
19985012
20789471
21120922
21136815
20618202
20914312
21051466
21173869
21301323
20282618
21001798
21040080
18151269
20847564
20998144
21182855
20595766
21317332
21088413
21350921
21048462
21306888
10586808
19679434
20881455
21120918
21313904
21317017
18280186
20964497
21077884
21078432
21105894
17896738
19072671
21044938
20851890
20869692
21075999
20509289
21203513
21304353
20894316
21304395
21316180
17783911
19742458
20731996
21307105
20632518
21184582
21124061
21395350
21075810
21068844
21176447
21286721
21102409
21319670
21352009
20535744
21300088
21357356
20855950
21302090
20028304
20231351
20852622
20962194
21357345
20825073
20855943
21079850
21138645
21138883
17818326
19769550
21088968
21200415
20793162
17245756
17839837
21048466
21074976
21075996
21251234
21352936
17690623
20894315
21302076
19099731
20548038
20887837
20894311
20731083
20940452
21092066
21276406
21286870
21307113
21307117
18588191
20884385
17840005
20839350
20907358
21148190
17839444
19437991
21009131
21184248
19560215
20797435
21299412
21307033
21352930
21102898
21105909
21318789
20834339
20926551
20972212
18052245
20932108
17912167
17984594
21079807
21148193
21101770
20776625
21182167
21211063
21264513
21308396
21352943
20138069
21010172
21044939
21088410
20003194
20887834
21270432
21310803
21350924
21302027
20861440
21068845
20923189
21082818
21319614
20922409
21124890
21319661
17126496
17686295
20887839
21137683
21138466
11683803
19481805
21192988
21211061
21319549
18392861
20918707
21322648
17358346
18265406
18586477
19665294
20934660
20998158
19268928
20054447
20535732
21133127
21197153
21252847
20049529
20232227
20252228
20933288
20940119
20886741
20911150
20940121
21121247
17926658
18209535
20280007
20640967
20792972
21009132
21080899
21304305
21327282
21395348
17641198
20548101
20998135
20998148
21307127
21319550
21361273
17805993
20958859
21100054
21148188
21306408
19329026
20887831
21006645
19596925
20750107
21163995
21318585
19077963
20998151
21048468
21190068
18205896
19835866
20768074
20278919
20517411
20731812
21113588
21203526
19652840
20517046
21210398
21301557
21308191
18353319
18589093
19524172
21099577
17305387
17859552
21079619
21088414
21148461
21294682
21362673
21395355
17444706
18543801
19747531
20514174
20814845
20836077
21074740
21123798
21175239
20923811
21176951
21306912
21319573
17562791
20914907
21044936
21109465
21111108
21202406
21322649
20864711
20875881
21138016
20650758
20805176
20964110
21073048
21249516
21074745
21138467
21205433
21252945
18974288
19557135
20232279
20522604
20887840
21199527
19077009
19619638
17316802
20998133
17271687
17510613
21138019
17888823
20248780
21044511
21299425
21361734
18052797
19642596
21138468
18083922
18355837
20855941
20868792
20923993
21074682
21102406
21316358
21324731
19721108
20508057
21179231
21306885
21323075
20243458
21165039
21352940
19747676
20831162
20947529
21279857
21305304
20998137
20998153
21096241
21252947
21319470
20862492
21286753
17443008
18095323
20211569
20228004
20535804
21184549
21307271
19596963
20252190
20871478
20909588
21086321
21086711
21286720
21294473
20018655
20536217
20905507
21001822
21211019
21286741
21306877
17468182
20919590
21099579
21205350
21300718
21345682
17468141
20847569
20922094
21176461
20840629
21052791
21305460
17556542
17726077
20315365
20998139
21044934
21123463
21254314
21254318
18310139
19524221
19543740
20507874
20536212
20796179
20881449
20894312
20905463
21092068
21319627
19642719
21133174
21300804
21308229
21316398
20585764
20643801
20855767
20998155
21132542
21164189
18159606
18159649
20023150
20490150
20536211
21138675
21196601
17386588
17784226
18583661
18585776
19591308
20281433
20286451
20286465
20840628
20855662
20998146
21009042
21075994
21092026
21203525
21252899
21302138
21305393
17784229
17912049
18890400
20640924
21123475
21310804
18045864
20499129
20865122
21254316
20728691
20731145
20731817
21051725
21256816
21305475
21350914
21362895
17468262
18054920
19656749
20905466
21203517
21270404
21133141
18712668
19794695
20998152
21051302
21136781
21163471
21163472
21304401
21322643
16025324
17839157
19892497
20499132
20754662
20804936
20875842
21079615
21211015
21395352
20512858
20534978
20641917
20827128
20998140
21179335
21182876
21184569
21286867
21305392
21307085
18802625
19073352
19744794
20754649
21088087
21095694
21138470
21252898
21092204
21254522
19613449
19947080
20521041
20528097
20797405
21048459
21203520
21211037
21249519
17127405
18626287
20647119
20797481
21040078
21092059
21169468
21175060
17284672
21095059
21252868
21319636
17394451
17404776
19653897
19775868
20022082
20998127
21089858
21138188
21210388
21322663
21404033
17840138
18209560
21008805
21179239
21249463
21286849
17227020
17244858
17262100
17393817
19679471
19753920
19834999
20973552
21044202
21364252
17314743
18039264
20754647
21051465
21117623
21124055
21211126
21302066
17447919
20789714
20831113
21074581
21079616
21182168
21286837
17675928
17889016
19901101
20252475
20585708
20642071
20754648
21136787
21211046
21305308
20548006
20641065
21172360
21346692
18541523
20641011
20825074
20998149
21203516
19633945
20199783
20599305
21008749
21077869
21165078
21172521
21183018
21304407
null
17987874
21318696
18583609
19775877
20599684
20793108
21001629
21148454
21182171
21270411
18205899
18351981
19996821
20998131
21100023
21117696
21133151
21254315
21306894
17457040
20836073
20905464
21286788
21404036
17468189
17933550
21120921
21143555
21200515
21286845
21306825
20058712
20288840
20787590
20804888
20905560
21051347
17468229
17766959
20999637
21044447
21048293
21113037
21122132
21256223
21270255
21319520
17289057
17418578
18579127
19775142
20320556
21138183
19905625
20999613
21008757
21138185
21141016
21305498
17120825
20940122
21006331
21052882
21203518
21304324
17784132
19273709
19429127
19838782
20922088
21009079
21052851
21205334
21270251
17245901
17775289
19652750
20028222
20768096
20964504
21044567
21048289
21300770
17108873
17168358
17831110
21294638
21307109
21316153
21319559
17394474
19544047
19886106
20491506
20870139
20907397
21299400
21301708
21305490
21308375
21362274
18043210
18708998
18714332
19730303
19838605
20827129
20862487
20862488
21138189
21171783
21172351
21299409
21302055
21306410
17378407
17827341
19794817
20158641
21286765
21305029
21322638
21366325
17471307
20609499
21172556
21300742
21319648
17912169
18042696
19651862
19746610
19886052
20319354
20911388
21008753
21163998
21172379
21180014
21300704
21300727
19762213
19947440
19960049
20243455
20787587
20796232
20889654
21008762
21088142
21095790
21138668
21203524
21205297
21302097
21322653
21328113
17694626
17796353
20862491
20964309
21117714
21163986
21211013
21254317
21300719
19819226
19995932
21009041
21082820
21088101
21113038
21183005
21197402
21286848
21300712
21301733
21304409
21306847
21346676
19607580
20206825
20219694
20731205
20922090
20963677
20964507
21172374
21306907
21316189
19668249
19798854
19947376
20787821
20847570
20855756
20878909
21211023
21305319
21305321
21319514
20172534
20811392
20883086
21084965
21126353
21203523
21319490
17378757
18586462
20256153
20293578
20320548
20871713
21113830
21172599
21203504
21208558
21215582
21270265
21283922
21286745
21286881
21306824
17339871
19437970
20816404
20940245
21203521
21306876
21375479
17310541
17887980
19640964
20731062
20731211
21079617
21111824
21123124
21203512
21300784
21306827
21316241
12638224
17912193
20279707
20532524
20796159
21048294
21117631
21172541
21172557
21197140
21261135
21305426
21316395
17378245
17903239
19635354
20719238
21048500
21079618
21138020
19625068
19694963
19839313
19972797
20796216
21001621
21079613
21086325
21184247
21197154
21211083
21301644
21319666
21361274
19667364
19898783
20158936
21001347
21044566
21159277
21176477
21196313
21197138
21197147
21211094
21294457
21302137
21307123
21316359
21347069
17894084
18583625
20163463
20310624
21105885
21113844
21172540
21197388
21319649
17233770
18202730
20616147
20617824
20925232
21143556
21211105
21270427
21306822
21307274
17260859
17364760
18227835
19652852
20584274
21055610
21096213
21184585
21270506
21304356
21316365
13519635
17733311
18159637
20028122
20040236
20281956
20822996
20841152
20923994
21080369
21361707
19607412
19668465
19775954
20003191
20232202
20522713
20533012
20973306
20973343
20998147
21211117
21301359
21304311
17111244
17738956
18589073
19598208
19642142
20641062
21068728
21089859
21300738
21316403
20200333
20778662
21009044
21009551
21096207
21138008
21301330
17236812
18714312
20007775
20640984
20885092
21146212
21180016
21202594
21203511
21302099
21305291
21307529
17346668
19900889
19967612
20756543
20778646
20796205
21088135
21109880
21164206
21304363
21320375
17420492
19652646
19811635
20173041
20177488
20643799
21117695
21305293
21322652
21362677
13916102
17367352
18051648
20499134
20600605
21102896
21169388
21205986
21294616
21299423
21305405
21319474
17468225
17726339
17825839
19968913
20198961
20792528
20922091
20973286
21098661
21182190
21197124
21301460
21322627
17221143
17766053
17961235
18047091
19072602
19336300
19966036
19996124
20777413
20881385
20964692
21068840
21082931
21096434
21106037
21306393
21306838
21350912
21357346
17350982
19524122
19557107
20805897
20998136
21001931
21149436
21183026
21184482
21270393
21283924
21302128
12403270
18543785
19835064
20749100
20793096
21043993
21270387
21305359
21307272
17885232
18392843
20020483
20058736
20731250
20880213
20998676
21048288
21203510
21294456
21316151
21327284
17369868
17618373
19798893
20232254
20501971
20757830
20998138
21074987
21102897
21176942
21346669
17786031
19794813
20023078
20789474
20831187
20862484
20869709
21117632
21117688
21170368
21205387
21205999
21212398
21264149
21294477
21294615
21299392
21320372
20028172
20796200
21082710
17692302
19589587
19667355
19747632
20023106
20334271
20548013
20862490
21009139
21010586
21041107
21055786
21076001
21172561
21197129
21200482
21205400
21286812
17145213
19023395
19747659
19838885
20200367
20488538
20641920
21088100
21197152
21270267
21304314
19642101
20535743
20846011
21109882
21172558
21184504
21300793
21301498
21306875
21328111
19596961
20797371
20826980
20828483
20862485
20999621
21095058
21117620
21138021
21182219
21211068
21302064
21374721
18577667
18974850
19781653
20479393
20584271
20731871
20750461
20909622
20911428
20953718
21069676
21088966
21172559
21182169
21197142
21205398
21299415
21300823
12406858
17407802
19281161
19557088
20796215
20886512
20933951
20947287
20998128
21009793
21075822
21092054
21117715
21135503
21162071
21270399
21352951
17767244
18083898
19753613
20973324
21082952
21113835
21175985
21252719
21270426
21299997
21305514
21306868
21364041
17912078
20585780
20599682
20871474
20881458
20886289
20894314
21117675
21138876
21184523
21264472
21270509
21288565
21294530
21352995
21359479
17607796
19023438
19886176
20600607
20883083
20972249
21008761
21113480
21158663
21294649
21299422
21304294
21305385
21306297
21325133
17854724
19668499
20532405
20720384
21117689
21117698
21117701
21143557
21283947
21294618
21294768
21301357
21320269
21404035
18042087
20521159
20547457
20600483
20728689
20931352
21117626
21138697
21138877
21256224
21270428
21299413
21305453
21316853
21317327
17396166
17838915
18579133
19421785
20282838
20315532
21001812
21045854
21105893
21113852
21138022
21182170
21184432
21184562
21211075
21329326
21362506
19533911
19839571
19937676
20922089
20967329
21001623
21055762
21082709
21148370
21294707
21305448
21306863
21306882
21316135
21353007
17761929
20647125
20796230
20847562
21053305
21075998
21088146
21092019
21121246
21143554
21171775
21184488
21401901
17388972
17840218
20139931
20647120
20731206
20889642
21009373
21074965
21165048
21301342
21301994
21316856
17671797
17706666
18087640
19544081
19777409
19992303
20040247
20536214
20621596
20641009
20641919
20973285
20973352
21088136
21138182
21176482
21197146
21317329
21322650
10232069
17748812
18392919
19077126
19940676
20028285
20319297
20797465
20840626
20874495
21117627
21148451
21148453
21148470
21211428
21270460
21270504
21294508
21302014
21306913
21395897
17410523
19633891
19642083
19886164
19901042
20006281
20286448
20811393
20973290
20973356
21001910
21006541
21100041
21138892
21203515
21352945
19268706
20227844
20731128
20864393
20864408
20880371
20973350
21138866
21182820
21182899
21249459
21270238
21286880
21301346
21302006
21316175
21320139
21352918
17397140
18091311
18152858
20227827
20524312
20792503
21044484
21075977
21117671
21117703
21302096
21316267
21364032
17389419
17912114
19380219
19656748
20480672
20500209
20536947
21077868
21113785
21182218
21191647
21197397
21294472
21305512
21307122
21316251
21317237
21323209
17415578
17594924
17681833
18159648
19775907
20158666
20171841
20490838
20514355
20533015
20754660
20870156
20884470
21068704
21182205
21184552
21197384
21211038
21249285
21305442
17395433
17583476
17848987
20054446
20610059
20811389
20945084
21044931
21138006
21182905
21197143
21202413
21203527
21203528
21252909
21294436
21300705
21300741
21305411
21319157
21322612
21354929
17459832
17544164
17651381
17806142
18103723
18265352
18392913
20226553
20252223
20514090
20618231
20641012
20862493
20880279
20886852
20889747
21117646
21130610
21138012
21176921
21270253
21294586
21300808
21352221
19728665
19829077
20040237
20521810
20797462
20805900
20855771
20869703
21001710
21074683
21075857
21320270
17394186
18054523
19681413
19766383
20058856
20509334
20521042
20923897
20926570
20973300
20973354
21172403
21179233
21294332
21306849
21347984
21349685
17177610
19666620
20279187
20551299
20885950
21001628
21123482
21172548
21278915
21299430
21302024
21316157
21328443
21366728
21375065
17251776
18051827
19069924
20002137
20284481
20536213
20600024
20776627
20869704
21092205
21176475
21270062
21301326
21304387
21319590
17305154
17361865
17823574
19633943
19772546
19836847
19838854
19948585
20226550
20280003
20508054
20520178
20634002
20640971
20822992
20825076
20881029
20889640
21001896
21095796
21197139
21302114
21306846
21348194
18797806
19886131
20278467
20536920
20610214
20940465
21079614
21096385
21117691
21120923
21148472
21158378
21211150
21274121
21294487
21307275
21318757
21395898
17676068
17984907
18159801
18277872
19028555
19557158
20226538
20478355
20585703
20641923
20776623
20776742
20831123
20907394
20934616
20998130
21001834
21009137
21113015
21164336
21184564
21190208
21197400
21205395
21270246
21286759
21308163
21352952
17794240
18101863
18543841
19067329
20136532
20731219
20731994
20793035
20805182
20945052
21088163
21197157
21272660
21286727
21305367
17394119
17740531
18209559
19805737
19839983
19885960
19900815
20007777
20054683
20641044
20642412
20789476
20796231
20886511
20905465
20933136
20948074
21003782
21074722
21089895
21172551
21187470
21197145
21211088
21286757
21308401
21318790
21322628
17958544
18675655
18976854
20003684
20161707
20509290
20641033
20808638
20855661
20874496
20911184
20998672
21009047
21086259
21092025
21113019
21117667
21117692
21138023
21172560
21184249
21208560
21211115
21294621
21302032
21304284
21351189
21352939
21354927
21354928
21354930
17802918
18050576
18169194
19609860
19775869
19886071
20522736
20525371
21082943
21165197
21183011
21202011
21254537
21300746
21300791
21319494
21354243
19766385
20160186
20243719
20731136
20822991
20855684
20924012
20925504
21010582
21184588
21252946
21261133
21299998
21305384
21306834
21323169
21329296
17201019
17292355
17350625
17885877
17987936
18714311
19078013
19599799
19723688
19838878
20023154
20474522
20509325
20641916
20761840
20906857
21006643
21123607
21197383
21205419
21270407
21304369
21328106
18142367
18320314
18439073
18582888
19747455
20157656
20243504
20635148
20731222
20831132
20855989
20875186
20948499
20968940
21001927
21081631
21113064
21123816
21180018
21197144
21211041
21270231
21270263
21270481
21286815
21318873
21323245
21356438
21367263
21395896
11108197
17389623
18675658
19694809
19942128
20026344
20037856
20248439
20521040
20582637
20871473
20875879
20907390
20998681
21045853
21123797
21182817
21294483
21300796
11801448
17170463
17811191
18148159
18165794
19175420
19590631
19728667
19838886
19839959
19973349
20002142
20026346
20490837
20601468
20811388
20865327
20869706
20880200
20883075
20911421
20911500
20973366
21009075
21079815
21095751
21203509
21300728
21301334
21306116
21306866
21318804
21349684
19077146
19524135
20229013
20306915
20923949
21109911
21183007
21257836
21300807
21312305
15994350
17396139
17836059
18352309
19334450
19937749
20727308
20733179
20792974
20868790
20924008
20929024
20999581
21117639
21120917
21132484
21135816
21172545
21183058
21198294
21304380
21308394
21316849
21319476
17339982
17407288
19642591
19753890
19817794
20478352
20509301
20548172
20840630
20862486
20864958
20998141
21048467
21096202
21117614
21169813
21182206
21197137
21197148
21286839
21294484
21301670
21316382
21319548
18103303
18578287
18675661
18711328
19761651
19804653
20514637
20836076
20856048
20881002
21001352
21053324
21073041
21124704
21187483
21197151
21197155
21270552
21302121
21319645
21345844
17677940
18309924
19619503
19749924
19861965
20157722
20618383
20643800
20793001
20831208
20933342
21055625
21172549
21208562
21352948
11337391
19794722
19838879
19947785
19962044
20158651